7168
7184
7191
7215
7216
7243
7291
7294
7341
7352
7356
7368
7381
7428
7489
7496
7542
7547
7550
7634
7681
7685
7690
7692
7699
7739
7743
7804
7859
7924
7941
7945
7950
7954
7986
8099
8122
8129
8175
8224
8254
8261
8262
8328
8373
8380
8390
8419
8454
8481
8483
8495
8540
8549
8570
8605
8608
8615
8657
8659
8661
8663
8665
8685
8704
8707
8709
8730
8752
8753
8763
8764
8775
8820
8854
8859
8909
8924
9018
9045
9060
9089
9104
9105
9124
9162
9176
9179
9233
9248
9267
9309
9336
9383
9396
9403
9408
9426
9437
9440
9451
9487
9495
9504
9552
9562
9603
9612
9651
9667
9706
9723
9751
9765
9775
9783
9823
9860
9867
9882
9905
9941
9952
185
397
399
433
434
437
464
466
536
549
558
658
680
697
737
758
773
835
862
870
875
934
936
992
2693
2793
2867
2937
2952
2961
3067
3293
3595
3774
3778
3780
3852
3857
3868
3905
3958
3970
3991
4043
4046
4053
4067
4089
4106
4167
4182
4193
4237
4276
4291
4358
4364
4437
4473
4572
4607
4724
4726
4843
4899
4917
4948
4995
5063
5186
5197
5274
5340
5607
5642
5685
5694
5705
5734
5737
5803
5916
5944
5973
5974
6019
6045
6063
6080
6149
6151
6202
6253
6342
6358
6360
6467
6472
6473
6478
6527
6585
6591
6595
6596
6634
6701
6739
6745
6753
6938
6945
7048
7060
7087
7105
7153
7246
7261
7284
7316
7366
7430
7463
7506
7534
7570
7592
7617
7642
7663
7696
7813
7953
7970
7972
7975
8027
8054
8066
8071
8142
8185
8195
8223
8273
8280
8473
8479
8519
8554
8599
8603
8610
8631
8655
8693
8835
8840
8845
8917
9005
9053
9055
9075
9078
9103
9142
9169
9223
9242
9277
9284
9318
9319
9322
9338
9431
9443
9466
9503
9521
9553
9602
9644
9676
9684
9719
9720
9757
9766
9771
9781
9793
9814
9825
9841
9844
9869
9881
9884
9970
51
139
194
264
265
363
376
382
471
472
494
568
581
632
641
752
761
797
840
887
895
953
956
983
996
2394
2851
2993
3052
3065
3092
3095
3292
3449
3496
3704
3762
3771
3797
3804
3956
3973
4076
4086
4094
4162
4296
4307
4360
4361
4362
4407
4481
4630
4638
4693
4735
4767
4814
4892
4920
4975
5047
5057
5096
5098
5137
5178
5185
5327
5395
5608
5703
5732
5795
5873
5920
5930
5954
5976
5984
6005
6127
6141
6152
6178
6196
6218
6240
6291
6344
6371
6379
6393
6435
6437
6505
6551
6552
6607
6614
6619
6703
6708
6715
6716
6717
6751
6757
6780
6798
6883
6916
6956
7019
7035
7040
7081
7106
7124
7249
7255
7295
7343
7369
7398
7442
7451
7487
7499
7516
7522
7526
7544
7626
7671
7674
7816
7822
7846
7917
7932
7943
7960
7961
7969
8032
8171
8206
8225
8230
8368
8399
8423
8442
8463
8470
8476
8536
8561
8601
8644
8658
8671
8699
8758
8804
8838
8851
8861
8862
8904
8959
8984
9028
9072
9109
9127
9195
9214
9272
9280
9314
9328
9369
9387
9388
9404
9425
9461
9470
9493
9525
9530
9537
9646
9648
9717
9724
9741
9745
9746
9752
9795
9840
9895
160
394
395
461
490
545
583
631
637
650
662
733
765
791
881
886
938
967
2076
2096
3297
3808
3871
3923
3965
3997
4038
4138
4368
4376
4408
4623
4821
4907
4938
4944
4978
4990
5092
5338
5704
5720
5739
5745
5796
5902
5942
5964
6034
6048
6051
6065
6074
6238
6308
6320
6348
6356
6380
6417
6501
6503
6562
6571
6572
6588
6620
6643
6796
6821
6830
6902
6943
6952
6957
7009
7053
7099
7165
7182
7203
7236
7241
7242
7314
7392
7498
7670
7801
7837
7870
7968
8038
8091
8141
8144
8162
8297
8306
8341
8353
8418
8430
8450
8556
8597
8640
8677
8695
8767
8826
8834
8860
8867
8942
8943
8955
9152
9157
9161
9224
9278
9285
9291
9341
9441
9508
9520
9554
9556
9590
9627
9641
9642
9671
9675
9686
9749
9806
9829
9837
9853
9936
9945
9954
9959
334
353
373
379
481
497
541
553
644
649
796
832
833
858
874
941
946
968
971
2051
2843
2964
2967
3081
3529
3549
3589
3744
3858
3897
3974
3976
4058
4070
4075
4088
4239
4370
4394
4396
4706
4743
4766
4782
4809
4897
4931
4933
4935
4981
5035
5061
5062
5192
5374
5385
5495
5725
5728
5731
5738
5742
5774
5835
5837
5871
5909
5949
5997
6042
6081
6103
6172
6252
6278
6414
6429
6430
6491
6506
6536
6652
6702
6834
6860
6865
6931
6953
6986
7066
7083
7108
7286
7324
7338
7344
7363
7384
7385
7395
7405
7437
7483
7490
7494
7520
7527
7572
7631
7820
7831
7840
7841
7853
7957
8028
8049
8094
8151
8156
8161
8239
8331
8360
8361
8369
8377
8392
8434
8441
8466
8497
8517
8543
8602
8614
8623
8630
8639
8681
8708
8732
8734
8757
8784
8803
8857
8906
8975
9016
9039
9059
9061
9086
9094
9156
9160
9164
9171
9172
9220
9235
9237
9258
9260
9270
9274
9283
9332
9356
9438
9450
9532
9625
9674
9692
9794
9826
9828
9859
9866
9894
9930
9943
9949
9958
9962
9967
197
237
253
368
388
648
665
685
739
740
884
899
3073
3497
3592
3709
3920
3954
3992
4065
4091
4092
4374
4495
4672
4776
4829
4894
4929
4993
5066
5067
5319
5349
5361
5396
5627
5740
5794
5919
5939
5958
6180
6203
6207
6209
6239
6271
6309
6370
6395
6447
6448
6458
6526
6576
6709
6746
6838
6841
6861
6864
6873
6924
6993
7186
7209
7238
7397
7583
7641
7694
7762
7836
7992
8062
8069
8096
8132
8136
8139
8165
8333
8387
8439
8440
8606
8609
8682
8696
8724
8905
8932
8954
9042
9189
9243
9259
9266
9271
9275
9316
9325
9372
9397
9471
9540
9571
9661
9688
9708
9716
9763
9770
9780
9838
183
195
348
366
449
465
473
543
591
636
638
656
687
694
781
837
857
861