6687
6694
6801
6911
6954
6968
7018
7021
7332
7374
7377
7415
7466
7478
7602
7603
7726
7747
7759
7880
7946
7980
8002
8104
8119
8123
8258
8384
8572
8668
8711
8723
8822
8855
8890
8892
8991
9852
9919
35
44
73
179
191
343
346
385
535
571
1059
1195
1292
1360
1383
1384
1445
1561
1565
1572
1635
1641
1671
1674
1677
1679
1691
1716
1731
1734
1747
1786
1842
1865
1871
2035
2057
2064
2065
2146
2151
2161
2168
2175
2178
2247
2374
2485
2497
2543
2567
2577
2617
2648
2657
2713
2814
2817
2833
2873
2900
2902
3040
3152
3163
3180
3218
3243
3247
3255
3265
3317
3352
3358
3379
3400
3420
3453
3505
3546
3588
3611
3614
3703
3750
3814
3925
3942
3945
3971
4015
4078
4110
4113
4115
4176
4320
4322
4344
4383
4386
4440
4513
4536
4540
4611
4725
5007
5022
5100
5110
5156
5157
5235
5262
5268
5284
5348
5413
5415
5440
5461
5507
5578
5579
5603
5624
5635
5639
5669
5775
5781
5800
5852
6006
6120
6154
6165
6254
6300
6364
6366
6407
6412
6488
6511
6545
6622
6662
6768
6890
6972
7080
7090
7137
7142
7189
7250
7313
7533
7580
7673
7721
7727
7775
7812
7912
7920
7981
8081
8090
8111
8112
8234
8589
8798
8809
8810
8893
9008
9011
9333
9515
9606
9744
9753
9812
9821
9939
26
28
29
63
82
92
337
532
942
977
978
989
1085
1093
1196
1376
1395
1460
1473
1584
1633
1642
1647
1649
1657
1687
1772
1849
1894
1896
2049
2056
2070
2077
2196
2281
2291
2364
2370
2437
2447
2453
2473
2489
2551
2561
2623
2635
2650
2677
2717
2720
2721
2725
2750
2853
2916
2922
3032
3035
3060
3070
3080
3089
3106
3147
3162
3202
3207
3279
3298
3302
3375
3442
3457
3472
3501
3519
3524
3575
3580
3587
3590
3622
3624
3628
3879
3883
3960
4161
4168
4171
4223
4274
4279
4372
4450
4489
4664
5002
5017
5032
5102
5103
5144
5191
5231
5256
5418
5419
5441
5472
5560
5576
5593
5602
5610
5632
5633
5812
5940
6023
6064
6157
6245
6336
6372
6420
6610
6626
6638
6654
6658
6775
6795
6920
6971
6999
7068
7112
7116
7162
7235
7274
7391
7535
7605
7664
7737
7758
7786
7807
7811
7854
8113
8301
8432
8448
8468
8486
8542
8648
8702
8778
8869
8881
8920
9015
9173
9311
9498
9500
9519
9551
9555
9633
9725
9788
9789
9912
9951
68
87
180
199
248
344
485
689
775
890
945
1061
1062
1396
1465
1529
1556
1645
1683
1689
1743
1780
1784
1833
1837
1855
1856
1863
1873
1878
2048
2093
2163
2166
2273
2297
2359
2388
2395
2484
2487
2491
2542
2631
2636
2658
2679
2737
2781
2787
2824
2827
2866
2886
2920
2957
3022
3068
3127
3137
3264
3272
3282
3340
3342
3349
3402
3404
3408
3419
3427
3429
3437
3454
3516
3518
3520
3525
3526
3554
3719
3742
3773
3798
3817
3821
4109
4151
4205
4215
4277
4295
4310
4316
4323
4410
4432
4487
4504
4526
4551
4552
4571
4590
4613
4619
4624
4648
4748
4777
4791
4808
4850
4911
5014
5033
5080
5108
5130
5141
5180
5204
5214
5217
5241
5259
5311
5331
5356
5408
5431
5462
5468
5517
5553
5558
5569
5641
5655
5667
5676
5696
5765
5768
5790
5840
5859
5878
6001
6061
6069
6116
6145
6258
6428
6466
6469
6476
6502
6519
6535
6608
6671
6678
6686
6756
6844
6871
6984
7010
7017
7050
7089
7093
7190
7214
7252
7285
7300
7310
7400
7417
7476
7510
7530
7551
7600
7656
7701
7741
7756
7797
7800
7866
7876
7901
7971
8004
8012
8082
8089
8121
8179
8211
8218
8244
8371
8406
8412
8455
8530
8544
8558
8596
8688
8700
8791
8831
8833
8852
8866
8880
8891
8967
9002
9052
9074
9099
9140
9306
9392
9511
9545
9800
9808
9822
94
132
175
196
231
234
288
300
352
387
500
652
783
892
944
1462
1464
1659
1685
1742
1767
1769
1853
1872
1891
2159
2171
2182
2186
2190
2264
2283
2289
2292
2352
2386
2387
2438
2459
2463
2560
2564
2571
2572
2584
2599
2647
2664
2691
2740
2752
2759
2791
2795
2799
2821
2830
2831
2842
2850
2869
2885
2892
2917
2969
2988
3023
3136
3140
3143
3170
3205
3226
3308
3368
3378
3393
3416
3428
3450
3461
3469
3539
3551
3565
3571
3610
3645
3646
3649
3667
3686
3695
3696
3715
3850
3944
3993
4002
4027
4029
4045
4120
4132
4156
4169
4216
4236
4251
4269
4337
4434
4470
4472
4549
4612
4615
4632
4694
4720
4728
4811
4825
4826
4849
4852
5015
5019
5064
5132
5171
5188
5201
5220
5269
5276
5277
5285
5288
5300
5318
5326
5342
5426
5467
5481
5536
5552
5562
5587
5590
5606
5660
5702
5712
5759
5804
5847
5866
5895
5898
5906
6160
6231
6264
6279
6289
6368
6421
6424
6441
6462
6481
6675
6680
6682
6730
6747
6784
6914
7114
7140
7152
7221
7273
7283
7333
7387
7401
7409
7585
7607
7625
7633
7709
7713
7725
7767
7849
8101
8127
8188
8216
8221
8240
8287
8352
8510
8625
8687
8756
8819
8844
8846
9007
9182
9300
9497
9507
9566
9594
9610
9665
9764
9868
9872
9888
38
48
150
154
156
172
177
233
246
287
484
889
970
1294
1392
1449
1483
1497
1498
1539
1558
1630
1640
1676
1799
2069
2084
2095
2184
2189
2193
2197
2259
2295
2363
2373
2445
2490
2495
2540
2558
2562
2581
2616
2618
2629
2630
2642
2644
2645
2654
2661
2716
2726
2731
2736
2747
2790
2822
2875
2898
2921
2934
2950
2956
3018
3066
3156
3230
3238
3319
3350
3360
3365
3370
3407
3431
3440
3514
3544
3555
3568
3591
3635
3713
3787
3839
3877
3891
4035
4080
4119
4143
4184
4204
4222
4314
4328
4331
4341
4355
4371
4405
4423
4451
4480
4483
4485
4537
4577
4579
4580
4598
4652
4660
4662
4684
4701
4731
4788
4792
4820
4823
4832
4853
4878
4936