281
286
350
365
476
478
487
488
495
542
546
569
576
600
653
654
657
683
750
771
973
1639
1758
1779
1868
2062
2073
2083
2191
2372
2393
2549
2559
2592
2596
2619
2683
2695
2739
2745
2751
2760
2763
2849
2959
2960
2965
2973
2989
3029
3058
3062
3069
3096
3151
3173
3181
3192
3229
3275
3289
3382
3387
3389
3390
3418
3447
3470
3484
3540
3599
3609
3617
3634
3661
3668
3689
3705
3716
3725
3741
3746
3748
3848
3865
3915
3919
3984
3987
3994
4009
4018
4025
4039
4059
4066
4148
4163
4187
4194
4217
4249
4259
4264
4280
4282
4308
4326
4330
4350
4363
4387
4447
4461
4490
4528
4573
4581
4583
4593
4596
4637
4644
4665
4673
4677
4686
4691
4753
4760
4781
4882
4910
4918
4921
4999
5054
5071
5131
5159
5163
5170
5176
5182
5208
5260
5265
5299
5309
5316
5334
5369
5370
5372
5388
5479
5483
5596
5615
5619
5637
5650
5690
5756
5760
5767
5792
5798
5816
5830
5831
5836
5839
5854
5889
5892
5900
5910
5987
6024
6114
6134
6169
6199
6230
6292
6295
6323
6324
6340
6377
6398
6427
6504
6531
6555
6598
6606
6612
6625
6649
6674
6719
6725
6731
6774
6849
6859
6910
6959
6997
7027
7072
7088
7118
7133
7208
7213
7228
7248
7271
7279
7296
7325
7334
7382
7416
7420
7446
7452
7457
7468
7482
7518
7529
7540
7541
7548
7591
7596
7645
7650
7659
7798
7857
7868
7881
7893
7915
7985
7998
8006
8009
8022
8023
8033
8040
8085
8102
8115
8116
8117
8120
8130
8155
8168
8187
8209
8226
8237
8257
8290
8300
8316
8367
8433
8469
8499
8528
8683
8772
8830
8842
8950
8970
9003
9013
9025
9040
9050
9155
9203
9213
9227
9281
9357
9395
9410
9486
9506
9523
9557
9567
9577
9693
9697
9699
9710
9712
9722
9784
9802
9819
9830
9873
9902
9917
9918
9924
9965
9997
39
46
236
254
260
297
332
336
432
440
539
582
661
667
754
769
788
790
935
943
951
962
1660
1738
1751
1843
2043
2194
2392
2593
2681
2699
2786
2845
2865
2872
2874
2889
2915
2938
2953
2966
3019
3048
3054
3071
3079
3099
3148
3189
3193
3274
3395
3396
3503
3527
3558
3574
3582
3586
3706
3736
3758
3764
3836
3893
3924
3962
4014
4016
4087
4134
4139
4166
4175
4181
4203
4230
4254
4271
4283
4293
4327
4353
4373
4377
4429
4509
4538
4602
4625
4667
4697
4698
4707
4734
4744
4749
4752
4779
4796
4802
4804
4822
4840
4845
4857
4875
4885
4902
4919
4924
4966
4969
4974
5049
5059
5079
5106
5281
5290
5329
5381
5427
5670
5680
5724
5730
5797
5805
5848
5855
5890
5914
5961
6002
6004
6046
6088
6129
6130
6147
6177
6190
6201
6215
6219
6233
6236
6287
6293
6315
6319
6339
6387
6392
6433
6444
6445
6489
6507
6524
6579
6589
6605
6613
6618
6632
6648
6684
6811
6820
6872
6881
6887
6922
6925
7008
7058
7067
7122
7125
7154
7158
7163
7199
7222
7237
7240
7259
7289
7342
7351
7379
7390
7481
7523
7528
7555
7561
7569
7630
7653
7684
7748
7753
7791
7794
7809
7819
7847
7900
7905
7922
7923
7983
7984
8098
8106
8135
8147
8214
8248
8298
8372
8405
8407
8416
8474
8537
8559
8564
8574
8716
8731
8745
8771
8816
8871
8873
9024
9101
9113
9122
9180
9204
9254
9349
9401
9424
9452
9458
9481
9502
9547
9584
9634
9742
9750
9760
9792
9886
9931
9994
37
50
59
86
161
163
178
198
252
275
276
339
375
391
457
459
462
474
489
533
561
562
563
570
586
587
599
668
846
958
1494
1496
1646
1656
1698
1749
1762
1796
2053
2098
2397
2553
2732
2734
2743
2770
2796
2926
2945
2978
3037
3153
3195
3252
3381
3473
3563
3573
3593
3602
3675
3676
3677
3779
3795
3806
3828
3853
3863
3892
3910
3937
3941
3946
3977
4103
4104
4136
4146
4153
4270
4347
4367
4388
4393
4430
4438
4505
4594
4609
4614
4616
4621
4633
4670
4709
4723
4741
4758
4773
4783
4786
4824
4835
4846
4872
4873
4883
4908
4980
5046
5127
5161
5187
5332
5341
5350
5368
5409
5430
5518
5530
5547
5573
5609
5662
5736
5779
5828
5849
5851
5867
5875
5884
5886
5922
5998
6030
6083
6107
6118
6143
6181
6184
6188
6198
6257
6263
6274
6282
6294
6317
6337
6418
6432
6477
6483
6515
6520
6563
6583
6587
6593
6599
6604
6616
6630
6672
6773
6812
6814
6858
6932
6992
7075
7086
7119
7161
7170
7197
7206
7231
7258
7278
7328
7407
7492
7503
7564
7614
7660
7672
7728
7732
7760
7790
7803
7815
7844
7851
7855
7916
7918
7933
7973
8050
8053
8079
8145
8177
8198
8235
8241
8253
8274
8303
8327
8337
8400
8445
8526
8580
8607
8627
8670
8806
8882
8895
9029
9093
9120
9158
9177
9181
9215
9219
9256
9294
9299
9365
9377
9389
9412
9421
9462
9464
9465
9491
9496
9560
9599
9604
9622
9658
9796
9798
9803
9848
9885
9972
9983
40
43
151
164
244
284
285
289
290
360
370
552
554
566
669
688
695
798
877
882
939
2081
2293
2494
2594
2597
2655
2696
2735
2782
2854
2860
2896
2897
2944
2949
2970
2991
3039
3051
3064
3084
3196
3273
3290
3392
3448
3494
3598
3607
3620
3655
3664
3731
3735
3745
3784
3793
3829
3851
3860
3874
3895
3922
3949
3963
3979
4068
4072
4140
4173
4189
4241
4275
4281
4317
4336
4348
4379
4380
4391
4395
4435
4476
4529
4553
4681
4683
4687
4739
4755
4756
4770
4793
4810
4818
4819
4831
4838
4841
4890
4896
4912
4914
4954
4964
5037
5075
5167
5173
5198
5313
5343
5443
5499
5532
5672
5719
5741
5753
5951
5971
5981
6124
6144
6148
6171
6241
6243
6268
6374
6401
6442
6493
6509
6568
6584
6621
6631
6692
6743
6750
6754
6766
6808
6809
6815
6839
6855
6875
6894
6921
6928