4172
4177
4209
4253
4272
4301
4403
4465
4494
4502
4514
4518
4519
4531
4584
4617
4659
4787
4798
4858
4887
4900
4941
5003
5008
5018
5044
5045
5053
5113
5118
5142
5199
5237
5244
5247
5264
5294
5298
5352
5357
5378
5392
5407
5460
5531
5570
5651
5681
5688
5776
5786
5827
5829
5833
5887
5904
5908
5931
5977
6011
6031
6222
6227
6232
6265
6285
6318
6326
6389
6406
6533
6590
6639
6681
6689
6700
6705
6740
6752
6876
6877
6891
6967
7121
7131
7144
7176
7262
7303
7319
7355
7375
7393
7517
7578
7595
7619
7687
7705
7731
7761
7785
7810
8003
8029
8030
8143
8191
8212
8324
8332
8381
8391
8414
8420
8482
8488
8552
8565
8590
8633
8689
8774
8870
8874
8902
8908
8949
8968
8981
9067
9118
9128
9166
9184
9192
9288
9295
9296
9298
9456
9569
9605
9721
9834
9847
9880
9922
9978
9986
52
85
155
167
184
238
247
341
354
386
493
574
897
986
991
995
1549
1576
1653
1673
1748
1764
1797
2039
2091
2097
2152
2492
2643
2690
2698
2757
2785
2826
2832
2836
2858
2883
2927
2931
2932
2977
2981
2996
3016
3034
3036
3098
3146
3171
3183
3186
3248
3296
3362
3376
3438
3446
3463
3468
3480
3485
3493
3507
3523
3627
3629
3642
3647
3678
3685
3688
3722
3786
3813
3846
3928
3933
4003
4019
4060
4069
4108
4170
4188
4196
4260
4265
4292
4342
4346
4357
4382
4457
4499
4507
4557
4576
4671
4733
4765
4784
4806
4836
4847
4851
4856
4874
4880
4886
5031
5122
5149
5158
5215
5243
5261
5289
5307
5317
5360
5397
5469
5491
5498
5524
5529
5541
5550
5561
5581
5611
5658
5710
5723
5761
5770
5785
5810
5826
5860
5877
5901
6010
6022
6062
6068
6119
6128
6133
6244
6311
6333
6350
6351
6422
6452
6480
6557
6645
6690
6710
6721
6772
6791
6837
6867
6901
6985
7127
7128
7138
7207
7219
7244
7275
7298
7327
7404
7467
7472
7515
7601
7608
7613
7691
7720
7736
7768
7795
7903
8005
8017
8034
8037
8044
8128
8148
8150
8189
8200
8204
8220
8238
8242
8351
8422
8478
8545
8566
8622
8698
8726
8741
8750
8777
8801
8813
8841
8865
8987
8997
9030
9114
9145
9163
9193
9229
9264
9442
9448
9501
9524
9536
9580
9598
9639
9738
9747
9883
9934
53
61
62
149
171
232
251
361
371
372
445
560
645
660
686
888
963
984
1495
1499
1557
1695
1746
1766
1846
2042
2071
2072
2074
2075
2078
2079
2261
2270
2381
2396
2640
2649
2671
2758
2774
2780
2893
2933
2995
3045
3053
3165
3176
3268
3271
3284
3285
3348
3361
3384
3464
3466
3481
3550
3576
3581
3596
3597
3608
3616
3619
3633
3643
3659
3673
3682
3724
3730
3732
3743
3751
3766
3783
3785
3815
3842
3935
3975
4008
4105
4129
4131
4178
4195
4229
4263
4338
4345
4378
4398
4401
4459
4467
4508
4530
4597
4631
4645
4650
4669
4690
4745
4751
4759
4772
4807
4854
4859
4893
4913
4916
4937
4939
5023
5029
5034
5056
5139
5145
5166
5175
5297
5301
5314
5345
5379
5391
5402
5422
5437
5453
5484
5502
5516
5582
5614
5663
5671
5691
5709
5750
5764
5818
5823
5876
5927
5999
6020
6035
6113
6186
6187
6189
6212
6213
6246
6269
6284
6313
6361
6362
6386
6410
6415
6454
6474
6482
6518
6642
6698
6714
6781
6800
6824
6825
6833
6852
6879
6882
6898
6907
6915
6979
6991
7013
7057
7082
7109
7115
7132
7205
7226
7239
7263
7269
7364
7389
7424
7433
7469
7502
7521
7539
7545
7558
7565
7646
7665
7702
7715
7723
7792
7808
7823
7827
7928
7929
7966
7976
8024
8086
8087
8105
8124
8193
8213
8222
8227
8281
8291
8302
8382
8388
8452
8518
8546
8550
8563
8591
8617
8690
8754
8755
8766
8796
8797
8817
8832
8858
8883
8885
8886
8928
8944
8956
9062
9137
9194
9210
9218
9247
9252
9279
9321
9324
9346
9348
9366
9371
9514
9586
9613
9701
9733
9739
9818
9836
9854
9908
9950
9968
47
54
57
65
67
136
271
278
355
378
400
444
451
454
551
564
732
869
885
891
959
998
1658
1672
1757
1791
2036
2037
2041
2059
2383
2598
2660
2673
2675
2738
2756
2769
2776
2798
2838
2847
2852
2884
2914
2941
2942
2968
2982
2984
3026
3072
3077
3088
3138
3178
3295
3374
3385
3398
3405
3532
3561
3562
3601
3653
3656
3717
3726
3729
3740
3747
3756
3757
3775
3826
3835
3859
3869
3880
3936
3972
3990
3995
4147
4257
4267
4284
4290
4302
4318
4319
4335
4369
4427
4428
4478
4492
4524
4558
4599
4622
4658
4715
4718
4719
4732
4768
4771
4801
4830
4881
4895
4958
4983
4997
5006
5026
5043
5058
5085
5087
5134
5181
5219
5275
5305
5323
5359
5387
5436
5442
5447
5450
5470
5482
5492
5496
5509
5519
5539
5571
5592
5601
5604
5613
5617
5659
5708
5716
5727
5762
5778
5780
5782
5783
5799
5801
5822
5862
5863
5865
5868
5897
5932
5962
5990
6009
6025
6027
6044
6050
6104
6170
6185
6221
6228
6242
6270
6329
6331
6345
6365
6419
6460
6470
6484
6514
6516
6517
6534
6577
6578
6582
6586
6670
6762
6770
6771
6870
6884
6885
6889
6923
6958
6965
7006
7015
7025
7045
7047
7145
7164
7178
7212
7220
7232
7234
7257
7280
7282
7287
7290
7335
7419
7422
7423
7440
7441
7455
7484
7485
7505
7508
7524
7536
7546
7573
7586
7587
7588
7623
7658
7708
7781
7784
7884
7919
7963
8015
8046
8083
8103
8114
8166
8199
8245
8255
8256
8267
8286
8305
8317
8319
8321
8325
8342
8345
8402
8431
8522
8532
8562
8579
8632
8662
8694
8769
8785
8799
8825
8847
8853
8868
8896
8921
8937
8985
8986
8999
9082
9088
9102
9121
9165
9216
9222
9317
9368
9546
9579
9588
9611
9666
9685
9687
9758
9774
9790
9824
9831
9915
9920
9921
9973
96
170
174
239
267