6933
6951
6983
6998
7014
7029
7030
7069
7073
7078
7096
7098
7159
7166
7217
7292
7361
7371
7402
7408
7426
7513
7553
7567
7649
7651
7657
7688
7706
7793
7825
7833
7848
7886
8140
8159
8164
8215
8231
8243
8266
8269
8320
8393
8403
8503
8506
8507
8508
8547
8600
8616
8645
8664
8672
8676
8691
8713
8770
8786
8793
8802
8913
8916
8933
8971
8979
8980
8992
8994
9019
9031
9041
9077
9147
9153
9187
9199
9202
9221
9226
9238
9422
9439
9455
9490
9542
9559
9585
9597
9614
9635
9652
9672
9691
9705
9810
9903
9904
9956
9961
9963
9971
58
84
193
268
291
335
367
383
398
458
469
759
772
787
841
848
850
868
873
876
896
1694
1752
1794
1795
2087
2638
2651
2682
2697
2741
2749
2761
2764
2765
2797
2844
2863
2870
2954
2963
2971
2997
3043
3057
3061
3074
3082
3194
3483
3583
3657
3694
3769
3770
3788
3799
3820
3844
3867
3876
3886
3908
3916
3917
3989
3996
4006
4031
4032
4036
4057
4149
4158
4192
4198
4246
4261
4294
4303
4306
4375
4385
4436
4491
4559
4592
4606
4626
4640
4651
4668
4716
4727
4780
4834
4871
4877
4889
4915
4952
4960
4971
4976
5048
5078
5183
5190
5249
5267
5303
5364
5371
5448
5449
5473
5527
5692
5701
5722
5772
5784
5802
5813
5814
5870
5883
5907
5924
5941
5945
5952
5965
5968
5975
5991
6003
6067
6070
6105
6117
6136
6153
6158
6168
6175
6204
6217
6273
6302
6305
6314
6334
6352
6354
6381
6383
6443
6457
6494
6510
6549
6627
6657
6693
6733
6790
6828
6832
6840
6848
6926
6930
6934
6944
6960
6973
6990
7034
7126
7135
7143
7146
7156
7195
7204
7223
7224
7225
7229
7233
7247
7253
7254
7264
7268
7270
7308
7309
7320
7331
7357
7359
7372
7464
7507
7563
7582
7584
7594
7627
7675
7680
7697
7729
7752
7806
7826
7839
7863
7885
7914
7934
7936
7995
8019
8031
8042
8060
8169
8170
8178
8208
8217
8236
8265
8271
8292
8307
8308
8322
8358
8408
8415
8444
8457
8527
8533
8534
8535
8581
8583
8604
8618
8626
8651
8654
8660
8667
8692
8742
8815
8836
8856
8863
8914
8931
8934
8965
8978
9070
9083
9092
9133
9135
9150
9154
9175
9196
9232
9250
9255
9286
9303
9331
9354
9400
9427
9463
9474
9478
9479
9531
9563
9568
9591
9618
9662
9678
9689
9700
9761
9855
9929
9985
176
262
263
470
475
483
491
540
573
594
634
640
776
782
799
1859
2742
2746
2753
2895
2923
2936
2947
2948
2958
3047
3085
3495
3506
3530
3584
3603
3687
3720
3734
3753
3765
3767
3781
3864
3870
3885
3889
3948
4047
4054
4084
4099
4137
4191
4197
4199
4238
4340
4359
4397
4496
4498
4574
4608
4639
4641
4661
4708
4740
4746
4754
4762
4816
4828
4925
4942
4947
4953
4988
4992
5009
5069
5072
5119
5207
5238
5278
5287
5490
5653
5684
5695
5699
5717
5773
5807
5815
5845
5853
5872
5893
5917
5926
5943
6016
6135
6146
6156
6174
6205
6216
6259
6260
6322
6327
6347
6378
6402
6475
6558
6603
6617
6635
6691
6718
6742
6779
6847
6899
6917
6941
6948
6962
6995
7028
7031
7055
7074
7092
7107
7160
7180
7230
7251
7281
7299
7315
7317
7323
7353
7380
7432
7459
7514
7560
7568
7571
7589
7609
7615
7735
7750
7754
7764
7828
7842
7875
7906
7925
7940
7955
7974
8026
8160
8163
8173
8197
8232
8233
8299
8309
8315
8323
8330
8370
8375
8379
8386
8446
8458
8465
8490
8529
8674
8703
8719
8720
8727
8733
8827
8872
8918
8930
8966
9027
9079
9144
9146
9168
9231
9251
9301
9315
9323
9335
9417
9420
9453
9484
9516
9517
9522
9657
9714
9832
173
181
186
277
280
295
448
547
572
578
585
633
642
682
698
753
755
785
838
883
893
966
2672
2943
2983
2994
3038
3097
3174
3263
3346
3487
3491
3604
3671
3674
3759
3782
3805
3830
3847
3856
3878
3881
3882
3909
3913
3921
3930
3959
3961
3969
3985
4071
4074
4090
4098
4165
4287
4289
4298
4349
4366
4399
4463
4479
4503
4627
4635
4702
4870
4903
4955
4961
4998
5065
5081
5109
5148
5179
5273
5383
5493
5540
5597
5605
5636
5638
5721
5744
5979
6014
6090
6132
6176
6195
6267
6281
6330
6332
6375
6409
6416
6450
6451
6459
6479
6522
6564
6597
6615
6628
6641
6646
6651
6659
6722
6741
6794
6897
6903
7044
7062
7181
7193
7267
7297
7307
7322
7347
7429
7431
7537
7581
7686
7746
7763
7814
7832
7871
7951
8075
8138
8154
8247
8249
8263
8293
8335
8340
8378
8413
8417
8428
8460
8571
8593
8613
8621
8722
8761
8762
8780
8782
8807
8894
8915
8929
8938
8945
8964
8996
9026
9044
9056
9057
9095
9096
9132
9134
9230
9234
9262
9398
9405
9428
9444
9476
9499
9558
9601
9638
9649
9654
9704
9707
9727
9754
9767
9776
9782
9785
9907
9913
9935
9953
9960
273
359
396
435
452
463
467
468
556
579
580
590
598
664
676
677
699
742
757
764
834
965
974
993
1693
1847
2692
2768
2857
2859
2862
2899
2924
2962
2976
2998
3059
3078
3083
3172
3482
3492
3723
3755
3861
3862
3866
3902
3926
3952
3957
3966
3968
3988
4034
4049
4052
4061
4082
4107
4174
4183
4186
4273
4297
4299
4304
4339
4384
4389
4636
4642
4643
4675
4676
4692
4705
4717
4736
4763
4795
4799
4805
4837
4898
4906
4922
4946
4956
4984
4985
5016
5083
5095
5128
5136
5206
5286
5296
5302
5367
5380
5382
5399
5403
5405
5429
5480
5508
5537
5583
5594
5631
5640
5649
5718
5751
5766
5834
5856
5915
5918
5923
6032
6037
6106
6108
6121
6159
6208
6299
6301
6335
6349
6373
6388
6423
6426
6436
6471
6487
6499
6550
6561
6580
6581
6640
6728
6759
6802
6880
6892
6908
6936
6950
6961
6975
6982
7016
7039
7076
7079
7134