1234
1111
0
1212
7777
1004
2000
4444
2222
6969
9999
3333
5555
6666
1122
1313
8888
2001
4321
1010
909
2580
7
1818
1230
1984
1986
70
1985
987
1000
1231
1987
1999
2468
2002
2323
123
1123
1233
1357
1221
1324
1988
2112
2121
5150
1024
1112
1224
1969
1225
1235
1982
1983
1001
1978
1979
7410
1020
1223
1974
1975
1977
1980
1981
1029
1121
1213
1973
1976
2020
2345
2424
2525
1515
1970
1972
1989
1
1023
1414
9876
101
907
1245
1966
1967
1971
8520
1964
1968
4545
1318
5678
1011
1124
1211
1963
4200
4567
1007
1012
1025
1120
1125
1214
1236
1965
7942
1028
1209
1227
3535
7890
420
1210
1222
1701
1919
5425
1113
1226
1717
1957
1959
1990
5252
202
1002
1003
1114
1205
1215
1220
1228
1956
1962
3232
124
303
505
815
1013
1014
1021
1022
1027
1030
1101
1128
1133
1945
1955
1960
3030
3210
5050
9090
77
1092
1126
1130
1204
1005
1009
1031
1104
1115
1117
1119
1127
1203
1217
1218
1379
1958
3434
5656
7878
411
1017
1018
1019
1026
1103
1129
1216
1229
1961
1991
2626
6789
8282
9111
321
808
1008
1015
1102
1118
1201
1202
1232
2727
3456
7979
102
707
1052
1105
1206
1207
1208
1616
1953
1954
1998
2848
3131
121
147
316
1006
1219
1243
1942
2003
5000
5454
11
125
404
912
1107
1108
1314
1423
1951
1952
2004
2211
2233
2828
214
1016
1100
1106
1110
1116
1478
1950
1992
3000
3636
4242
8989
203
604
911
1109
1254
1321
1492
1949
7788
120
311
1256
1290
1346
4141
9
210
314
922
1369
1432
1472
2486
4862
83
213
510
625
1200
1453
1947
1948
110
204
313
326
412
711
722
908
923
1066
1323
1331
1776
2510
3117
4040
7894
9981
24
512
515
918
927
928
1312
1415
2010
2244
2929
5151
5683
6996
7070
7272
7474
12
111
128
220
225
302
310
315
318
323
402
410
413
416
423
428
502
525
606
714
811
822
917
924
1080
1134
1188
1411
1412
1812
1907
1941
1944
1946
1993
1994
1996
1997
2005
2008
2103
2356
5858
6464
6669
8080
112
122
304
305
312
325
327
611
704
712
809
829
1248
1437
1940
1943
1995
2123
2210
2212
2332
2412
3211
3214
3838
4001
4646
4747
9898
9988
13
69
99
103
114
209
212
258
301
319
331
405
408
419
501
509
513
517
521
523
622
721
813
818
913
914
926
929
1144
1311
1590
1911
1937
2469
3579
4711
4860
5757
5888
116
205
208
217
228
317
330
414
415
417
486
507
524
610
612
613
624
666
807
812
820
915
919
1199
1345
1452
1800
1914
2110
2311
2501
3690
3737
3939
4000
4455
4848
7575
7913
104
119
127
129
130
218
219
221
224
322
328
425
426
526
616
708
710
825
904
916
921
925
1177
1350
1404
1809
1928
1939
2111
2202
2312
2314
2341
3006
6767
78
117
118
206
211
215
223
324
407
424
504
506
516
522
614
723
728
729
810
824
828
920
1155
2006
2104
2226
2255
4343
5588
6565
7896
8585
9000
105
126
131
222
306
307
320
418
427
429
511
527
607
617
701
717
724
725
727
802
804
823
906
1258
1300
1342
1397
1470
1905
2011
3322
3344
3355
3412
5959
8787
10
98
108
113
227
242
308
514
518
520
601
615
805
816
901
910
930
1244
1322
1325
1410
1425
1469
1555
1730
1793
1908
2122
2131
2310
2918
3113
3133
3223
3515
4123
4568
4949
5353
5566
6262
8426
8899
9874
71
79
107
109
115
201
216
406
421
422
519
602
623
709
826
1237
1250
1269
1310
1358
1441
1456
1466
1516
1525
1933
1938
2012
2100
2134
2205
2258
2357
3256
3321
3477
4004
6405
7899
8484
9696
2
226
309
329
401
403
528
530
531
618
620
628
713
719
831
852
1255
1329
1380
1402
1435
1821
1920
2007
2324
2333
2511
3112
3377
3669
3927
4562
5525
6363
6868
7000
7007
7676
7734
8181
9292
9900
8
529
603
609
621
626
702
715
718
803
814
817
903
1305
1333
1500
1511
1512
1596
1711
1881
1900
1925
2223
2369
2411
2425
2442
3013
3111
3141
3353
7412
80
106
190
207
409
503
508
619
703
705
731
801
827
1070
1132
1138
1192
1301
1309
1315
1420
1541
1710
1789
1888
1903
2101
2105
2133
2234
2236
2288
2401
2500
3310
4561
5001
6497
6699
430
605
720
806
821
902
905
1042
1238
1240
1302
1303
1304
1317
1320
1407
1471
1510
1518
1523
1542
1598
1936
2301
2304
2410
2512
2514
3213
3216
3323
3421
3825
4111
4865
5129
5225
5432
5665
7171
7373
7711
7749
8008
9191
9510
187
608
629
706
726
819
1088
1239
1278
1289
1307
1316
1359
1532
1623
1688
1707
1820
1836
1892
1902
1917
1929
1932
2021
2204
2213
2230
2235
2313
2456
2588
3001
3003
3110
3123
3215
3233
3311
4114
4201
4268
4556
5123
5646
6609
7531
8000
8686
9115
9911
23
627
630
716
1098
1145
1147
1182
1187
1241
1288
1326
1340
1356
1408
1477
1501
1504
1505
1520
1524
1530
1595
1718
1775
1810
1904
1909
1910
1912
2013
2124
2143
2232
2277
2303
2306
2321
2508
2513
2526
2527
3021
3160
3231
3388
3452
3800
4456
4488
4554
4563
4989
6543
7789
7895
8246
9119
143
830
1032
1040
1135
1166
1175
1178
1308
1332
1347
1401
1403
1430
1458
1479
1502
1503
1602
1608
1610
1803
1819
1877
1906
1935
2009
2107
2109
2126
2132
2200
2201
2208
2215
2218
2322
2326
2334
2413
2505
2611
2707
2712
2811
3122
3212
3366
4416
4500
4565
5112
5577
5654
6060
6942
7799
9595
9632
21
22
152
979