4959
4972
4979
4991
5012
5088
5089
5090
5125
5164
5272
5279
5292
5346
5351
5358
5416
5435
5475
5501
5520
5559
5580
5584
5591
5598
5629
5647
5679
5682
5747
5748
5752
5771
5811
5874
5891
5983
6012
6033
6066
6099
6100
6101
6122
6163
6179
6223
6224
6226
6248
6446
6456
6463
6512
6530
6532
6537
6546
6547
6569
6601
6673
6711
6819
6866
6878
6946
6955
6976
7005
7130
7173
7185
7311
7378
7388
7403
7454
7473
7590
7606
7666
7689
7716
7724
7751
7783
7802
7921
7952
7978
8016
8134
8176
8190
8277
8288
8347
8348
8385
8404
8409
8464
8471
8475
8480
8485
8494
8505
8515
8531
8740
8818
8823
8878
8963
8969
9021
9069
9098
9116
9198
9263
9290
9423
9527
9541
9653
9659
9698
9787
9879
9901
9910
9923
9975
34
81
141
249
256
257
270
455
655
700
865
957
969
997
1393
1582
1681
1755
1792
1866
1895
2066
2167
2195
2260
2361
2371
2384
2398
2440
2634
2646
2659
2674
2685
2730
2762
2766
2784
2841
2913
2928
2940
2975
2992
3027
3028
3041
3050
3149
3188
3190
3197
3228
3239
3249
3257
3307
3371
3372
3413
3458
3460
3465
3488
3489
3509
3626
3632
3638
3640
3701
3718
3789
3816
3822
3875
3978
4051
4062
4101
4154
4218
4220
4227
4240
4250
4278
4409
4413
4439
4449
4452
4458
4464
4468
4471
4475
4510
4517
4525
4595
4678
4685
4712
4714
4729
4794
4813
4891
4909
4950
5027
5040
5074
5077
5082
5107
5147
5205
5216
5226
5227
5239
5240
5271
5320
5347
5363
5390
5439
5444
5476
5485
5515
5572
5626
5630
5634
5652
5666
5675
5769
5821
5894
5896
5950
5989
5995
6015
6040
6191
6234
6250
6261
6272
6276
6277
6290
6355
6367
6400
6431
6485
6553
6574
6600
6623
6624
6679
6696
6782
6788
6810
6913
7003
7033
7120
7201
7266
7302
7376
7383
7427
7471
7479
7509
7598
7655
7710
7745
7805
7821
7862
7864
7874
7888
7910
7991
8077
8109
8192
8201
8202
8219
8279
8283
8338
8514
8516
8567
8569
8584
8701
8710
8712
8715
8749
8790
8805
8879
8897
8922
8946
8974
9190
9211
9239
9399
9411
9619
9636
9663
9718
9807
9811
9845
9927
9937
9944
9982
9984
30
36
133
135
148
162
165
245
269
347
349
358
364
482
567
592
678
744
747
786
844
854
932
937
1097
1650
1655
1662
1696
1756
1759
1763
1768
1831
1851
1854
1867
2054
2092
2158
2198
2267
2537
2544
2557
2573
2595
2632
2637
2676
2680
2687
2754
2778
2783
2794
2871
2876
2877
2919
2939
2979
2986
3056
3167
3185
3187
3276
3347
3359
3401
3409
3417
3439
3441
3459
3508
3517
3564
3566
3572
3631
3641
3650
3665
3670
3679
3681
3738
3739
3801
3833
3843
3845
3884
3940
4118
4155
4180
4207
4208
4226
4247
4286
4300
4315
4351
4419
4453
4462
4506
4515
4522
4534
4541
4585
4679
4689
4721
4863
4888
4951
5038
5041
5091
5101
5135
5140
5174
5224
5229
5258
5293
5324
5344
5414
5434
5446
5487
5505
5506
5589
5620
5622
5643
5644
5648
5661
5664
5668
5686
5697
5700
5714
5787
5819
5820
5824
5843
5953
5955
5970
5985
5988
6021
6029
6102
6115
6150
6166
6214
6220
6256
6397
6513
6523
6567
6602
6707
6888
6918
6966
6981
7012
7020
7071
7104
7175
7265
7367
7406
7413
7449
7497
7501
7525
7621
7622
7640
7648
7772
7796
7858
7908
7956
7964
7977
8014
8025
8073
8182
8205
8250
8251
8260
8284
8285
8314
8366
8401
8410
8427
8524
8541
8611
8629
8706
8876
8887
8911
8958
8990
8993
9017
9020
9106
9188
9345
9355
9414
9449
9533
9544
9561
9575
9631
9709
9756
9786
9809
9820
9842
9849
9851
9864
9890
9897
9925
9980
9992
9993
56
93
169
241
274
356
441
477
774
779
898
931
955
976
1373
1439
1491
1493
1581
1697
1753
1765
1782
1858
2058
2068
2082
2172
2176
2249
2296
2339
2376
2382
2449
2476
2498
2499
2538
2556
2591
2656
2678
2724
2744
2788
2792
2840
2861
2878
2880
2955
2974
2985
3087
3139
3154
3177
3191
3269
3351
3354
3391
3397
3475
3502
3538
3552
3560
3606
3621
3623
3630
3648
3662
3680
3684
3697
3714
3819
3827
3831
3832
3855
3888
3912
3931
4005
4023
4026
4028
4116
4135
4190
4233
4252
4262
4266
4285
4324
4352
4406
4426
4443
4482
4527
4542
4610
4688
4713
4750
4757
4844
4876
4923
4957
4973
4977
4982
4987
5030
5042
5114
5138
5143
5172
5184
5189
5203
5218
5228
5266
5283
5295
5322
5384
5401
5428
5452
5457
5459
5471
5474
5489
5526
5534
5542
5568
5616
5618
5733
5755
5832
5842
5850
5857
5864
5899
5911
5913
5937
5986
6007
6008
6162
6235
6255
6283
6312
6341
6404
6413
6468
6521
6575
6647
6755
6758
6765
6777
6787
6845
6909
6974
6980
7024
7042
7051
7113
7129
7139
7147
7155
7157
7174
7183
7276
7288
7305
7312
7318
7329
7425
7444
7445
7465
7470
7480
7488
7504
7543
7559
7566
7574
7669
7679
7703
7719
7738
7742
7818
7883
7907
7926
7965
8020
8056
8084
8110
8125
8157
8183
8275
8289
8304
8389
8436
8451
8491
8501
8555
8576
8582
8587
8595
8684
8821
8843
8907
8923
8976
9004
9170
9293
9327
9363
9505
9518
9565
9582
9600
9623
9777
9791
9887
9891
9896
9914
9957
9964
9976
91
97
182
240
255
272
279
338
450
453
534
748
780
792
871
948
981
1039
1651
1667
1737
1741
1761
1798
1839
1857
2038
2061
2086
2089
2173
2183
2271
2446
2471
2496
2641
2670
2694
2748
2771
2775
2835
2879
2887
2890
2891
2951
2980
2990
3044
3075
3175
3260
3262
3329
3364
3383
3471
3479
3490
3531
3548
3557
3559
3567
3605
3644
3700
3712
3728
3763
3807
3812
3834
3837
3887
3890
3901
3938
3982
3999
4030
4096
4117
4145
4159
4164