1041
1069
1131
1141
1284
1319
1375
1416
1417
1424
1488
1551
1603
1604
1618
1652
1664
1665
1719
1927
2015
2030
2080
2120
2130
2203
2307
2308
2327
2507
2610
2662
2684
2911
3011
3108
3369
4232
4244
6161
6357
7654
7787
8021
3
369
1090
1140
1149
1172
1185
1247
1253
1280
1334
1378
1406
1409
1413
1418
1421
1422
1434
1611
1709
1712
1728
1732
1828
1901
1918
1922
1923
1930
2022
2023
2094
2102
2108
2114
2207
2221
2302
2316
2405
2503
2552
2612
2711
2903
3004
3105
3125
3221
3334
4011
4474
4477
4486
4512
4884
5013
6321
7411
7856
8411
8765
9797
351
730
999
1033
1035
1036
1038
1143
1162
1242
1286
1306
1328
1400
1405
1428
1431
1444
1486
1508
1540
1545
1589
1597
1599
1612
1624
1703
1804
1811
1924
1934
2025
2106
2115
2136
2225
2229
2231
2300
2305
2309
2318
2325
2331
2404
2406
2417
2504
2520
2589
2710
3121
3250
3303
3320
3325
3658
3721
4433
4523
5115
5233
5456
5544
5881
7117
7123
7778
9413
9583
9630
72
584
1037
1067
1174
1198
1257
1277
1299
1433
1436
1507
1517
1521
1580
1617
1705
1771
1807
1808
1879
1913
2040
2046
2050
2113
2119
2144
2206
2214
2272
2337
2365
2402
2407
2464
2502
2575
2606
2633
2802
3010
3012
3055
3103
3132
3234
3245
3312
3313
3433
3435
3511
3691
3698
4007
4142
4288
4431
4564
4569
4578
5212
5354
5424
5677
5689
6667
7179
7399
7458
7477
8808
8898
9009
9110
9991
4
14
342
357
691
990
1057
1064
1079
1139
1152
1154
1156
1169
1327
1352
1438
1440
1506
1509
1526
1559
1567
1605
1620
1626
1700
1704
1713
1725
1778
1801
1805
1822
2024
2125
2150
2187
2209
2241
2266
2358
2408
2415
2430
2441
2509
2539
2609
2622
2703
2728
2772
2810
2910
3134
3236
3304
3570
3651
3840
4333
4422
4560
4600
4700
5070
5412
5522
5788
5882
6688
6761
6977
7771
8462
8509
9773
9989
5
20
25
90
100
159
230
333
1047
1050
1058
1083
1151
1180
1252
1266
1298
1372
1377
1457
1475
1476
1514
1522
1552
1570
1575
1601
1628
1702
1777
1788
1860
1899
1921
2026
2117
2135
2290
2315
2367
2400
2403
2422
2434
2435
2455
2466
2506
2603
2627
2708
2801
2812
2882
2925
3007
3157
3166
3200
3235
3254
3266
3270
3324
3339
3399
3403
3512
3693
3699
3802
4219
4312
4411
4445
4566
4654
5200
5221
5246
5263
5423
5455
5623
5674
5880
5912
6125
6453
6540
6677
7103
7779
8383
9877
18
27
33
777
880
1055
1056
1074
1077
1148
1153
1167
1168
1173
1191
1246
1249
1330
1337
1429
1450
1451
1531
1600
1621
1632
1666
1721
1722
1739
1870
1876
1887
1926
2045
2141
2169
2217
2224
2228
2242
2243
2245
2252
2257
2342
2344
2378
2423
2426
2428
2480
2482
2522
2574
2579
2604
2705
2777
2808
2846
3025
3100
3107
3124
3224
3315
3318
3411
3577
3663
4144
4421
4466
4520
4864
4868
5004
5005
5105
5420
5421
5533
5574
5844
5861
5963
6988
7001
7301
7889
8013
8575
8624
9087
9112
9947
188
456
900
1137
1150
1159
1260
1263
1276
1279
1297
1349
1385
1442
1443
1578
1579
1609
1622
1699
1706
1708
1802
1806
1814
1824
1832
1915
2014
2145
2237
2280
2336
2389
2409
2519
2531
2569
2689
2704
2709
2714
2804
2806
2905
3101
3120
3179
3283
3300
3331
3332
3522
3618
3733
4020
4130
4231
4354
4441
4555
4785
5153
5333
5375
5511
5763
6000
6017
6822
7011
7077
7200
7414
7643
7707
7712
7773
7869
7887
7988
7997
8011
8070
8088
8210
8311
8472
8586
8588
8779
8951
9022
9494
9933
9942
9966
9990
6
15
17
64
88
134
189
250
690
800
878
879
982
1046
1048
1053
1065
1071
1072
1073
1157
1163
1265
1268
1275
1285
1335
1351
1364
1382
1386
1388
1399
1427
1528
1538
1569
1583
1592
1654
1720
1727
1774
1781
1823
1827
1931
2118
2140
2180
2269
2319
2330
2414
2416
2429
2431
2467
2477
2488
2523
2529
2607
2706
2909
3126
3158
3201
3217
3277
3357
3363
3578
3790
4150
4415
4582
4620
4815
5010
5168
5325
5410
5417
5523
6200
6225
7202
7277
7304
7610
7865
8010
8107
8504
8577
8642
8877
9001
9012
9711
9870
145
479
555
1063
1068
1094
1171
1179
1184
1186
1190
1251
1267
1272
1273
1274
1336
1338
1344
1348
1355
1365
1446
1513
1533
1534
1535
1537
1548
1550
1606
1607
1690
1726
1754
1825
1830
1840
1850
1890
2019
2142
2148
2164
2216
2219
2335
2346
2355
2448
2515
2587
2600
2628
2701
2723
2816
2855
2912
3009
3114
3142
3316
3326
3341
3410
3424
3443
3451
3534
3537
3727
4077
4125
4224
4258
4414
4454
4521
4546
4588
4589
4663
4666
4682
4790
5011
5121
5169
5193
5210
5254
5362
5433
5500
5503
6288
6542
6661
6900
7100
7210
7227
7256
7700
7744
7755
7769
7879
7882
8108
8264
8424
8998
9312
9512
9669
9801
9878
9899
9955
74
789
1043
1051
1075
1087
1142
1259
1262
1264
1283
1339
1370
1447
1454
1459
1544
1591
1593
1634
1678
1714
1723
1790
1829
1852
1883
1916
2027
2116
2220
2263
2274
2279
2286
2328
2340
2366
2391
2436
2516
2528
2541
2555
2563
2590
2601
2605
2608
2625
2809
2829
2907
2935
2987
3002
3033
3130
3144
3198
3203
3267
3299
3330
3337
3345
3367
3425
3500
3504
3553
3569
3637
3792
3947
4121
4402
4404
4448
4543
4587
5104
5155
5177
5211
5232
5236
5253
5404
5488
5575
5687
5885
6112
6636
6644
6660
6783
6869
7102
7491
7557
7718
7766
7897
7911
7987
7999
8272
8312
8521
8525
8824
8889
9014
9225
9394
9713
32
140
158
577
933
972
1181
1197
1295
1296
1341
1343
1353
1354
1374
1391
1394
1419
1448
1467
1489
1490
1519
1627
1733
1735
1815
1844
1875
1882
1889