2016
2017
2028
2052
2063
2177
2317
2343
2362
2385
2390
2427
2479
2481
2521
2719
2881
2930
3008
3090
3104
3135
3164
3206
3278
3280
3287
3314
3528
3536
3654
3981
4211
4213
4214
4332
4400
4417
4570
4575
4653
4656
4769
4774
4778
4866
5160
5213
5223
5270
5308
5366
5400
5477
5486
5556
5565
5625
5746
5825
5967
5978
6465
6544
6655
6786
7111
7198
7448
7577
7644
7667
7774
7904
7958
8001
8018
8252
8425
8649
8650
8669
8789
8848
8875
9513
9998
16
45
49
75
243
550
588
770
985
1054
1076
1086
1089
1161
1176
1270
1361
1366
1368
1371
1381
1387
1426
1455
1463
1468
1543
1562
1563
1568
1661
1684
1729
1744
1783
1893
1898
2099
2127
2128
2129
2138
2147
2154
2157
2192
2227
2240
2265
2320
2338
2354
2418
2420
2421
2432
2433
2470
2533
2534
2545
2546
2550
2576
2583
2613
2653
2666
2722
2733
2803
2805
2807
2864
2901
2904
3014
3119
3129
3169
3184
3220
3241
3246
3288
3294
3301
3474
3521
3600
3707
3711
3811
3849
4100
4112
4122
4210
4420
4425
4442
4484
4647
5020
5152
5154
5202
5222
5245
5248
5250
5251
5255
5257
5321
5445
5458
5494
5545
5546
5548
5600
5673
5693
5846
5957
6123
6525
6541
6665
6785
6797
6874
6895
6987
7004
7023
7150
7456
7704
7717
7733
7891
7898
8118
8153
8158
8186
8511
8884
8912
8919
9080
9393
9779
9889
9979
9995
19
229
1034
1044
1095
1099
1158
1170
1189
1281
1363
1390
1480
1484
1527
1536
1564
1619
1680
1724
1740
1835
1869
1880
1897
2018
2067
2170
2181
2251
2275
2276
2287
2298
2360
2377
2399
2419
2450
2458
2517
2518
2524
2548
2554
2568
2585
2602
2620
2624
2639
2663
2729
2868
2906
3005
3015
3115
3118
3168
3225
3237
3305
3356
3373
3436
3542
3652
4010
4021
4202
4234
4365
4381
4424
4460
4511
4532
4533
4742
4775
4789
5060
5120
5280
5306
5315
5464
5478
5512
5567
5621
5711
5789
5946
5960
6411
6449
6592
6653
6685
6712
6769
6978
7002
7110
7245
7475
7486
7511
7677
7714
7722
7829
7852
7873
7877
7931
8421
8461
8502
8814
8910
8988
9023
9200
9339
9485
9731
9865
9875
9987
41
42
76
89
138
144
153
157
345
431
1045
1078
1081
1082
1096
1160
1193
1282
1571
1613
1636
1637
1669
1670
1686
1885
1886
2033
2137
2160
2185
2188
2248
2285
2351
2375
2379
2452
2462
2465
2474
2535
2536
2565
2582
2615
2755
2767
2779
2813
2819
2834
2839
2888
2908
2972
2999
3024
3031
3145
3159
3227
3261
3281
3309
3328
3335
3336
3338
3426
3432
3478
3541
3547
3556
3666
3692
3710
3777
3824
4017
4024
4157
4160
4212
4245
4325
4356
4412
4601
4812
4817
4855
4869
5051
5335
5465
5528
5585
5599
5612
5628
5657
5698
5713
5715
6155
6316
6353
6486
6776
6778
6842
6886
6963
7101
7172
7211
7447
7500
7576
7611
7757
7861
7867
7959
8100
8126
8184
8310
8456
8489
8523
8678
8759
8800
8850
8864
8900
8901
9006
9117
9123
9677
9799
9813
9856
9871
9916
9977
9996
66
137
142
166
192
282
442
778
1060
1084
1091
1136
1146
1164
1165
1183
1194
1271
1362
1389
1461
1485
1487
1546
1547
1553
1560
1577
1586
1588
1594
1614
1615
1625
1644
1668
1692
1745
1750
1760
1770
1773
1787
1813
1826
1845
1848
2029
2031
2044
2055
2060
2085
2153
2239
2246
2250
2278
2282
2284
2299
2329
2347
2368
2439
2451
2457
2460
2475
2478
2530
2566
2614
2700
2789
2800
3109
3128
3161
3208
3209
3219
3222
3240
3258
3380
3406
3444
3467
3486
3513
3545
3585
3612
3613
3615
3625
3672
3818
3823
3894
3914
3918
4033
4041
4055
4126
4127
4128
4206
4235
4243
4256
4539
4548
4628
4649
4657
4722
4901
5024
5028
5116
5117
5133
5242
5310
5312
5504
5521
5535
5551
5554
5754
5808
5809
5841
5869
5966
6164
6275
6325
6369
6461
6554
6559
6633
6664
6713
7095
7260
7306
7321
7326
7337
7579
7604
7678
7824
7845
7902
7909
7989
8055
8133
8207
8318
8350
8477
8487
8811
8828
9125
9969
31
200
235
663
734
864
980
988
1049
1261
1287
1367
1398
1474
1481
1482
1573
1574
1587
1629
1631
1638
1648
1663
1736
1834
1838
1862
1864
2032
2034
2047
2088
2090
2155
2156
2199
2238
2262
2294
2348
2350
2443
2461
2532
2570
2621
2652
2667
2669
2686
2688
2702
2715
2718
2818
2856
3020
3116
3155
3182
3204
3242
3244
3251
3259
3286
3291
3306
3386
3415
3430
3445
3455
3462
3476
3510
3543
3594
3639
3810
3841
3911
4012
4013
4022
4050
4152
4221
4225
4313
4550
4586
4655
4710
4800
4879
4967
5052
5055
5111
5124
5230
5282
5330
5386
5411
5438
5463
5466
5514
5563
5564
5595
5735
5758
5791
5879
5969
6036
6109
6110
6111
6210
6211
6251
6280
6455
6500
6556
6566
6611
6656
6676
6697
6912
6970
6989
7022
7151
7177
7188
7418
7421
7512
7532
7612
7765
7770
7776
7780
7782
7860
7892
7982
8007
8180
8203
8228
8500
8512
8513
8612
8675
8721
8788
8812
8925
8972
8977
9010
9091
9100
9201
9815
9909
55
60
168
684
741
1291
1293
1554
1566
1585
1643
1675
1682
1715
1785
1816
1817
1841
1861
1874
1884
2139
2149
2162
2165
2174
2179
2253
2254
2256
2268
2349
2353
2380
2444
2454
2472
2483
2547
2578
2586
2665
2668
2773
2815
2820
2823
2825
2837
3017
3042
3102
3150
3199
3253
3327
3343
3414
3422
3423
3533
3791
3900
4042
4044
4102
4124
4133
4179
4185
4228
4248
4255
4311
4329
4334
4418
4446
4469
4497
4501
4516
4535
4544
4547
4591
4680
4861
4867
4932
4994
5021
5025
5126
5162
5165
5234
5291
5304
5337
5355
5377
5451
5510
5513
5543
5557
5586
5645
5777
6126
6206
6249
6266
6310
6399
6425
6548
6570
6663
6668