863
867
950
952
954
3094
3394
3498
3499
3702
3708
3760
3854
3943
4063
4390
4674
4699
4737
4797
4803
4827
4833
4926
4943
4945
4968
5336
5339
5365
5707
5743
5793
5806
5903
5905
5921
5925
5938
6028
6043
6047
6049
6057
6131
6140
6173
6183
6192
6286
6298
6304
6338
6498
6508
6539
6650
6723
6737
6744
6764
6799
6836
6851
6854
6896
6919
6947
7085
7187
7218
7293
7330
7386
7453
7519
7556
7562
7616
7620
7624
7632
7647
7661
7662
7682
7817
7850
7872
7927
8036
8051
8052
8078
8152
8172
8336
8357
8453
8459
8492
8498
8560
8573
8666
8673
8746
8751
8768
8773
9054
9058
9081
9097
9126
9131
9151
9197
9212
9273
9308
9310
9330
9342
9376
9390
9416
9432
9454
9475
9535
9548
9570
9573
9576
9578
9587
9609
9620
9621
9637
9655
9656
9664
9680
9690
9715
9732
9734
9736
9804
9932
283
377
446
557
559
565
639
849
851
866
872
994
2946
3683
3761
3776
3803
3899
3983
4095
4605
4695
4738
4842
4986
5036
5039
5076
5146
5394
5406
5538
5933
5980
5993
6054
6077
6087
6091
6385
6391
6490
6529
6637
6683
6704
6749
6760
6813
6904
6940
6964
7026
7054
7136
7167
7192
7336
7354
7365
7462
7538
7668
7935
8035
8131
8167
8295
8313
8355
8359
8363
8396
8435
8447
8449
8467
8594
8656
8679
8705
8748
8760
8792
8927
9084
9244
9253
9261
9268
9276
9297
9304
9326
9329
9337
9350
9378
9418
9457
9459
9472
9473
9483
9488
9581
9596
9694
9755
9762
9772
9778
9827
9843
9850
9863
9946
9974
259
293
299
340
390
460
498
681
795
975
3749
3896
3904
3906
3964
3998
4056
4493
4629
4696
4965
5084
5093
5195
5393
5398
5936
5947
5972
5992
6013
6018
6026
6075
6089
6197
6296
6359
6396
6528
6560
6729
6816
6846
6850
6857
6893
6939
7032
7049
7345
7348
7443
7599
7835
7939
7944
7949
7996
8045
8047
8058
8063
8149
8268
8276
8296
8365
8553
8592
8781
8783
8940
8982
9065
9129
9136
9167
9217
9240
9282
9320
9344
9362
9429
9467
9492
9509
9543
9589
9592
9593
9668
9817
9858
95
266
298
380
392
538
548
596
597
671
693
745
751
756
768
843
860
894
949
3660
3752
3754
3872
3903
3907
3929
3955
3967
3986
4048
4081
4703
4963
4996
5094
5209
5929
6055
6138
6142
6247
6343
6382
6390
6403
6734
6831
6949
7084
7097
7141
7169
7438
7552
7593
7730
7937
7947
8194
8229
8270
8326
8354
8551
8628
8635
8647
8652
8717
8744
8837
8849
8935
8962
9043
9143
9186
9307
9334
9374
9379
9382
9402
9406
9489
9534
9616
9650
9740
9835
9862
384
438
480
646
651
674
679
736
766
845
853
964
3049
3076
3086
3796
3934
4093
4097
4764
4927
4930
4970
5068
5099
5196
5328
5373
5389
5497
5956
6041
6076
6182
6306
6307
6434
6905
6927
6929
7038
7046
7148
7434
7435
7450
7460
7495
7554
7652
7695
7740
7843
8048
8064
8329
8364
8374
8496
8548
8634
8680
8714
8718
8953
8995
9033
9035
9236
9245
9360
9375
9415
9434
9435
9436
9477
9626
9643
9673
9730
9748
9768
9857
9906
9948
146
261
294
374
381
496
499
575
643
735
784
836
842
855
960
2894
3046
3063
3768
3772
3950
3980
4037
4064
4073
4079
4309
4634
4730
4839
4928
5086
5376
5838
5948
5994
5996
6085
6137
6167
6194
6237
6440
6695
6720
6738
6804
6826
6856
6862
6935
6937
7043
7064
7340
7362
7549
7629
7967
8072
8174
8259
8443
8493
8619
8643
8735
8736
8776
8795
8941
8983
9032
9034
9046
9108
9206
9289
9313
9352
9353
9358
9380
9385
9386
9445
9468
9564
9607
9617
9702
9743
9833
389
393
443
492
595
743
749
762
3091
3809
3873
3898
3932
4704
5097
5729
5749
6038
6052
6053
6072
6139
6495
6594
6727
6748
6792
6818
6823
7037
7370
7493
7618
7683
7834
7994
8041
8043
8362
8568
8653
8697
8725
8747
8794
8960
9130
9183
9241
9246
9257
9384
9549
9572
9728
9769
9816
9892
9928
292
362
436
659
947
961
5073
5549
5935
5982
6058
6193
6394
7346
7358
7360
7396
7439
7597
7930
7990
8097
8278
8395
9049
9249
9287
9407
9446
9624
9893
9926
296
537
692
760
3093
4085
4305
4603
4604
4618
4962
5726
5817
5934
6071
6086
6229
6346
6408
6438
6573
6735
6736
7041
7059
7194
7196
7350
7628
7948
8294
8339
8349
8394
8903
8952
9036
9063
9085
9107
9139
9141
9269
9351
9433
9640
9679
9846
9861
670
673
839
2493
4392
4904
6303
6706
6807
8057
8074
8578
8638
8739
8829
8926
8961
9048
9066
9174
9207
9209
9228
9419
9574
9670
544
589
672
767
940
5706
6073
6376
6384
6439
6538
6732
6763
6817
6843
6853
7052
7149
7635
7639
7698
7838
8061
8344
8637
8743
9037
9149
9205
9208
9302
9361
9538
9615
9645
9682
9735
9759
696
4083
4905
6056
6092
6863
7056
7461
7636
7830
7962
8059
8095
8737
9305
9364
9409
9528
9703
9839
447
4940
5194
6079
6084
6094
6492
6724
6805
6906
7061
7094
7339
7938
8334
8376
8620
8641
9051
9068
9073
9185
9370
9482
9647
9681
9683
593
647
746
793
3951
4761
6059
6078
6328
6629
6829
8039
8092
8429
8839
8947
9038
9064
9178
9359
9367
9381
9391
9447
9460
9628
9660
9726
9729
856
3953
6097
6726
7091
8076
8728
9469
9529
9608
9940
763
847
4934
5928
6095
6297
6496
8346
8356
8538
8598
8729
8738
8936
8939
9265
9343
9347
9737
794
6096
7638
8067
8973
9340
9373
9550
6098
6803
6994
7436
8636
9430
635
6039
7036
7349
7693
8065
8137
8437
8948
9138
9938
675
9071
9076
9148
9159
9526
3794
6082
7065
8397
8539
8646
9695
9805
6806
7993
8146
8343
8557
439
8438
9047
9539
6093
7063
8196
6827
7394
859
8957
9480
6793
738
8398
6835
7637
9629
8093
8068